              precision    recall  f1-score   support

           0       0.90      1.00      0.95         9
           1       1.00      1.00      1.00        13
           2       1.00      1.00      1.00        11
           3       1.00      0.82      0.90        17
           4       0.75      1.00      0.86         9
           5       1.00      1.00      1.00        13
           6       1.00      1.00      1.00         9
           7       1.00      1.00      1.00         9
           8       1.00      1.00      1.00        13
           9       1.00      0.91      0.95        11
          10       1.00      1.00      1.00        14
          11       0.83      0.83      0.83         6
          12       0.90      1.00      0.95         9
          13       1.00      1.00      1.00        13
          14       1.00      1.00      1.00        11
          15       1.00      1.00      1.00         9
          16       1.00      1.00      1.00        12
          17       1.00      1.00      1.00         5
          18       1.00      1.00      1.00        18
          19       1.00      1.00      1.00         7
          20       1.00      1.00      1.00        14
          21       0.90      1.00      0.95         9
          22       1.00      1.00      1.00         5
          23       0.00      0.00      0.00        14
          24       0.28      0.83      0.42         6
          25       0.87      0.93      0.90        14
          26       0.92      0.92      0.92        13
          27       1.00      0.93      0.97        15
          28       1.00      0.89      0.94         9
          29       1.00      1.00      1.00         6
          30       1.00      1.00      1.00         6
          31       0.88      1.00      0.93         7
          32       1.00      1.00      1.00        11
          33       1.00      1.00      1.00        10
          34       1.00      1.00      1.00        14
          35       1.00      1.00      1.00        12
          36       1.00      1.00      1.00         9
          37       1.00      1.00      1.00         9

    accuracy                           0.94       401
   macro avg       0.93      0.95      0.93       401
weighted avg       0.93      0.94      0.93       401
