              precision    recall  f1-score   support

           0       0.94      0.83      0.88        18
           1       0.90      0.90      0.90        10
           2       1.00      0.79      0.88        14
           3       0.87      1.00      0.93        13
           4       0.54      1.00      0.70        13
           5       0.92      0.92      0.92        13
           6       0.93      1.00      0.96        13
           7       1.00      0.83      0.91         6
           8       0.91      0.91      0.91        11
           9       1.00      0.86      0.92         7
          10       1.00      0.90      0.95        10
          11       0.73      1.00      0.84         8
          12       1.00      1.00      1.00         9
          13       0.88      1.00      0.93         7
          14       1.00      1.00      1.00        11
          15       1.00      0.78      0.88         9
          16       1.00      1.00      1.00        10
          17       0.93      1.00      0.96        13
          18       1.00      1.00      1.00         8
          19       0.62      1.00      0.77        10
          20       1.00      0.53      0.70        15
          21       0.86      0.86      0.86         7
          22       0.88      1.00      0.93         7
          23       0.47      0.53      0.50        15
          24       1.00      0.09      0.17        11
          25       0.83      0.91      0.87        11
          26       0.75      0.75      0.75         8
          27       0.80      1.00      0.89         8
          28       1.00      1.00      1.00        10
          29       1.00      1.00      1.00         7
          30       0.89      0.80      0.84        10
          31       0.90      0.82      0.86        11
          32       1.00      0.89      0.94         9
          33       0.80      0.89      0.84         9
          34       0.92      1.00      0.96        11
          35       0.87      0.81      0.84        16
          36       1.00      1.00      1.00        12
          37       1.00      0.82      0.90        11

    accuracy                           0.87       401
   macro avg       0.90      0.88      0.87       401
weighted avg       0.89      0.87      0.86       401
